1312166580000
1312166580000
1312166580000
1312168980000
1312169520000
1312197720000
1312242960000
1312249980000
1312251960000
1312322640000
1312374060000
1312409940000
1312420800000
1312427640000
1312472880000
1312480500000
1312486620000
1312563120000
1312771860000
1312914180000
1312990320000
1312998720000
1313112480000
1313666340000
1313689680000
1313692140000
1313693400000
1313694900000
1313695320000
1313696820000
1313698320000
1313843940000
1313869680000
1314038820000
1314124500000
1314143820000
1314181500000
1314205080000
1314206640000
1314209700000
1314216720000
1314281760000
1314304440000
1314307140000
1315703820000
1315703820000
1315703820000
1315705080000
1315705860000
1315707660000
1315710540000
1315712580000
1315714020000
1315738920000
1315744260000
1315762560000
1315763340000
1315765860000
1315770120000
1315771020000
1315784220000
1315786560000
1315838280000
1315840920000
1315841640000
1315844220000
1315849320000
1315857480000
1315878660000
1315930800000
1315935480000
1316006160000
1316022780000
1316025780000
1316103780000
1316104320000
1316110320000
1316116440000
1316454060000
1316454420000
1316456340000
1316458860000
1316473680000
1316491620000
1316521620000
1316532540000
1316539080000
1316590260000
1316608140000
1316609220000
1316619780000
1316622180000
1316628180000
1316630340000
1316638380000
1316977260000
1316980380000
1316984580000
1317000840000
1317007080000
1317052800000
1317062340000
1317070260000
1317070680000
1317074520000
1318426680000
1318426920000
1318426920000
1318427040000
1318427040000
1318427160000
1318427220000
1318427340000
1318427400000
1318427400000
1318427460000
1318427460000
1318427700000
1318427700000
1318427820000
1318427940000
1318429380000
1318429440000
1318429500000
1318429920000
1318430220000
1318430460000
1318430700000
1318431300000
1318431360000
1318431840000
1318433160000
1318434540000
1318434720000
1318435140000
1318436460000
1318438020000
1318438500000
1318438500000
1318441860000
1318442460000
1318447440000
1318448040000
1318459620000
1318461120000
1318501680000
1318521600000
1318531980000
1318622220000
1318626240000
1318642080000
1318705920000
1318773660000
1318818180000
1318867260000
1318876740000
1318880700000
1318882620000
1318943880000
1318945740000
1318960440000
1318960620000
1318965120000
1318965240000
1318965960000
1318969680000
1319029260000
1319072880000
1319229060000
1319236560000
1319434860000
1319464500000
1319465760000
1320414600000
1320414720000
1320430440000
1320616260000
1320616380000
1320616500000
1320616560000
1320617040000
1320618720000
1320620700000
1320620760000
1320621900000
1320625980000
1320630180000
1320633180000
1320633360000
1320635340000
1320635520000
1320638880000
1320671820000
1320673260000
1320673380000
1320682260000
1320683640000
1320684120000
1320688680000
1320690720000
1320700560000
1320710580000
1320729360000
1320768780000
1320778800000
1320782460000
1320849960000
1320893880000
1320954720000
1320975840000
1321044300000
1321286280000
1321359000000
1321367400000
1321648500000
1321829700000
1321856100000
1321987680000
1321988340000
1321988640000
1321989180000
1321992060000
1321996320000
1321996740000
1321997880000
1322058660000
1322252820000
1322263440000
1322311380000
1322361600000
1322496780000
1322503320000
1323217620000
1323217620000
1323217620000
1323217620000
1323240840000
1323268440000
1323268620000
1323268680000
1323268980000
1323269100000
1323269220000
1323269280000
1323269400000
1323270000000
1323270060000
1323270180000
1323270720000
1323272040000
1323272160000
1323274620000
1323274800000
1323284760000
1323292140000
1323298440000
1323301080000
1323353760000
1323364680000
1323378300000
1323388980000
1323461040000
1323473700000
1323705660000
1323747540000
1323748320000
1323786420000
1323801180000
1323804240000
1323873600000
1323888780000
1323888960000
1323889560000
1323890820000
1323891480000
1323896700000
1323915480000
1323920160000
1323950880000
1323959820000
1323988680000
1324054620000
1324075680000
1324075860000
1324089480000
1324127460000
1324146120000
1324229040000
1324245600000
1324248960000
1324309740000
1324329840000
1324339980000
1324346820000
1324350360000
1324402740000
1324405800000
1324409640000
1324412700000
1324416300000
1324442460000
1324480200000
1324481820000
1324482540000
1324915260000
1324915260000
1324915260000
1324915380000
1324915680000
1324915740000
1324916040000
1324916700000
1324917000000
1324917600000
1324917900000
1324918260000
1324918380000
1324918620000
1324918740000
1324919580000
1324919760000
1324919760000
1324920420000
1324921260000
1324923300000
1324962720000
1325016360000
1325027160000
1325089800000
1325118900000
1325379120000
1325601960000
1325623680000
1325889180000
1326060900000
1326061680000
1326062220000
1326062880000
1326063120000
1326063900000
1326063900000
1326066180000
1326066480000
1326069720000
1326069900000
1326072480000
1326073380000
1326113220000
1326120780000
1326135720000
1326158280000
1326174480000
1326210000000
1326302340000
1326308100000
1326312000000
1326316020000
1326406620000
1326468360000
1326482580000
1326563700000
1326811860000
1326832740000
1326913740000
1326914340000
1326915660000
1326916380000
1326920760000
1326939780000
1326977280000
1326989520000
1326996420000
1327039200000
1327073520000
1327081560000
1327095240000
1327116240000
1327125780000
1327126020000
1327337580000
1327431180000
1327444920000
1327505400000
1327523940000
1327531260000
1327891260000
1327891500000
1327891500000
1327891800000
1327891860000
1327892280000
1327892280000
1327892400000
1327892460000
1327892460000
1327892580000
1327892640000
1327892640000
1327892700000
1327893000000
1327893660000
1327896060000
1327896900000
1327902120000
1327906080000
1327919700000
1327922700000
1327923120000
1327929540000
1327935600000
1327936440000
1327939860000
1327942440000
1327946040000
1327946580000
1327958340000
1327958340000
1327958820000
1327971240000
1327972980000
1327985400000
1328022840000
1328037120000
1328047560000
1328065500000
1328099100000
1328111220000
1328238900000
1328285520000
1328547960000
1328647200000
1328844960000
1329016560000
1329158940000
1329159120000
1329159420000
1329159660000
1329161040000
1329161160000
1329162120000
1329162300000
1329164580000
1329168660000
1329171720000
1329171720000
1329172560000
1329178440000
1329178560000
1329178680000
1329193380000
1329232440000
1329236700000
1329247980000
1329257940000
1329270480000
1329280680000
1329350880000
1329442200000
1329557460000
1329579060000
1329583500000
1329673260000
1329673440000
1329685740000
1329688020000
1329693060000
1329708600000
1329758580000
1329761760000
1329762000000
1329779220000
1330183320000
1330183320000
1330183320000
1330183320000
1330183620000
1330183860000
1330184280000
1330184400000
1330184640000
1330185480000
1330185780000
1330185960000
1330186860000
1330186980000
1330187400000
1330188420000
1330189560000
1330189740000
1330190220000
1330190640000
1330192140000
1330192860000
1330195560000
1330198500000
1330199880000
1330200120000
1330201440000
1330204260000
1330205700000
1330206360000
1330207200000
1330211160000
1330215720000
1330215960000
1330218660000
1330223760000
1330229160000
1330236480000
1330264740000
1330273740000
1330279620000
1330303740000
1330305240000
1330312680000
1330345560000
1330366620000
1330381740000
1330384740000
1330389720000
1330437000000
1330468140000
1330529580000
1330533000000
1330543140000
1330617000000
1330651080000
1330888500000
1330908240000
1330910520000
1330967880000
1330973640000
1331002860000
1331041320000
1331045100000
1331048100000
1331060400000
1331073960000
1331121960000
1331130180000
1331143260000
1331171520000
1331210520000
1331216400000
1331221080000
1331240160000
1331414700000
1331434260000
1331656380000
1331663520000
1331837160000
1331840460000
1331927220000
1331992620000
1332118500000
1332154680000
1332178140000
1332187560000
1332239760000
1332249780000
1332332160000
1332376560000
1332383520000
1332383700000
1332388020000
1332434100000
1332441180000
1332456360000
1332459540000
1332525480000
1332558300000
1332559560000
1332619500000
1332621060000
1332625440000
1332681660000
1332728100000
1332796860000
1332809220000
1332860940000
1332872940000
1331920020000
1331920020000
1331920020000
1331936280000
1331936340000
1331936400000
1331936580000
1331936580000
1331936580000
1331937240000
1331937300000
1331937360000
1331937480000
1331937720000
1331937720000
1331937780000
1331937900000
1331938260000
1331938680000
1331939340000
1331939520000
1331940180000
1331940960000
1331941320000
1331943180000
1331943180000
1331943300000
1331943780000
1331946060000
1331946960000
1331947560000
1331948100000
1331951640000
1331951700000
1331953800000
1331956620000
1331956980000
1331958180000
1331958480000
1331962860000
1331980320000
1331987760000
1331991660000
1331991720000
1331991720000
1331992380000
1331994480000
1331997120000
1332006900000
1332034140000
1332037860000
1332043860000
1332078900000
1332081900000
1332084720000
1332100380000
1332106320000
1332107640000
1332154620000
1332165660000
1332167400000
1332168480000
1332169140000
1332185700000
1332198300000
1332200640000
1332259860000
1332265500000
1332286080000
1332340860000
1332346080000
1332378180000
1332386760000
1332412260000
1332420960000
1332459600000
1332585540000
1332603600000
1332625440000
1332783120000
1332792240000
1332804300000
1332805260000
1332881760000
1332882540000
1332935940000
1332953820000
1332958320000
1333030020000
1333034580000
1333050060000
1333315320000
1333336560000
1333336620000
1333337280000
1333386060000
1333474380000
1333529940000
1333556400000
1333567140000
1333589580000
1333670940000
1333677360000
1333726920000
1333751700000
1333759620000
1333814880000
1333974180000
1333979820000
1334006340000
1334048520000
1334054640000
1334084280000
1334107320000
1334368020000
1334468640000
1334593980000
1334594880000
1334689440000
1334801160000
1334863920000
1335036540000
1335110700000
1335192540000
1335230640000
1335277080000
1335285060000
1335311640000
1335311640000
1335312180000
1335314700000
1335316920000
1335316920000
1335317340000
1335318180000
1335319860000
1335320700000
1335322980000
1335346680000
1335367380000
1335369420000
1335372900000
1335374640000
1335403620000
1335409020000
1335411240000
1335413520000
1335446880000
1335460140000
1335499500000
1335535800000
1334883660000
1334883660000
1334883660000
1334883660000
1335400620000
1335400680000
1335400740000
1335400740000
1335400800000
1335400920000
1335400920000
1335400980000
1335401220000
1335401520000
1335401820000
1335402420000
1335402660000
1335402840000
1335402960000
1335403200000
1335403320000
1335404220000
1335404280000
1335404820000
1335405660000
1335408600000
1335410460000
1335411660000
1335411660000
1335411840000
1335412260000
1335412380000
1335417120000
1335418860000
1335422580000
1335430860000
1335436320000
1335436800000
1335437760000
1335438180000
1335441180000
1335446100000
1335446400000
1335446940000
1335446940000
1335448740000
1335448860000
1335453180000
1335455760000
1335461460000
1335462780000
1335466020000
1335469320000
1335474240000
1335478140000
1335479820000
1335481200000
1335484620000
1335492660000
1335492840000
1335529620000
1335556380000
1335560400000
1335565680000
1335566340000
1335640740000
1335720900000
1335809040000
1335819300000
1335825060000
1335828780000
1335834300000
1335840180000
1335875340000
1335890880000
1335973380000
1335981240000
1335994200000
1336061940000
1336078080000
1336082820000
1336135620000
1336144980000
1336188900000
1336237440000
1336267800000
1336403160000
1336406220000
1336408260000
1336417020000
1336426500000
1336445520000
1336480560000
1336485660000
1336519980000
1336524420000
1336608240000
1336681680000
1336703340000
1336738980000
1336745460000
1336745580000
1336753140000
1336771260000
1337014860000
1337057640000
1337137620000
1337202180000
1337212860000
1337213580000
1337214540000
1337215740000
1337217360000
1337218680000
1337220600000
1337221020000
1337222580000
1337223120000
1337223780000
1337226660000
1337232300000
1337248440000
1337253000000
1337259060000
1337264040000
1337268060000
1337277960000
1337311500000
1337428620000
1337432220000
1337442660000
1337452560000
1337597400000
1337597820000
1337606580000
1337618880000
1337619000000
1337619120000
1337619720000
1337620140000
1337620260000
1337622600000
1337626020000
1337627100000
1337631240000
1337640120000
1337649240000
1337689020000
1337690640000
1337700960000
1337703420000
1337720760000
1337774100000
1337774100000
1337774100000
1337774100000
1337776860000
1337781420000
1337782020000
1337801820000
1337814900000
1337826660000
1337826660000
1337826660000
1337826720000
1337826720000
1337826780000
1337826840000
1337826840000
1337826840000
1337826900000
1337827080000
1337827260000
1337827320000
1337827380000
1337827680000
1337827680000
1337828340000
1337828400000
1337829300000
1337829300000
1337829900000
1337829960000
1337829960000
1337830080000
1337830200000
1337830800000
1337831280000
1337831700000
1337832600000
1337833320000
1337835000000
1337836740000
1337837940000
1337838900000
1337841300000
1337850060000
1337851380000
1337853960000
1337854620000
1337856000000
1337856360000
1337858340000
1337859060000
1337860740000
1337861460000
1337862120000
1337862540000
1337863380000
1337863800000
1337864580000
1337865420000
1337865540000
1337866080000
1337866560000
1337866920000
1337866980000
1337867880000
1337867880000
1337868600000
1337869860000
1337870340000
1337872560000
1337874060000
1337874060000
1337874780000
1337875260000
1337876100000
1337882520000
1337882940000
1337883240000
1337885220000
1337886480000
1337897940000
1337899440000
1337903220000
1337904540000
1337945700000
1337946180000
1337970660000
1337987400000
1338074400000
1338219240000
1338258720000
1338304560000
1338306900000
1338345480000
1338378120000
1338384060000
1338404640000
1338406200000
1338421200000
1338422340000
1338424020000
1338468660000
1338490260000
1338499200000
1338499320000
1338561300000
1338607500000
1338608760000
1338687720000
1338810600000
1338824760000
1338828180000
1338836940000
1338841800000
1338995940000
1339015320000
1339072260000
1339086720000
1339088640000
1339166280000
1339166940000
1339203900000
1339210680000
1339297440000
1339336380000
1339371240000
1339509420000
1339533300000
1339549200000
1339594560000
1339596660000
1339698360000
1339896360000
1339954560000
1340026320000
1340032740000
1340076060000
1340119620000
1340162640000
1340205720000
1340212860000
1340222100000
1340223240000
1340362500000
1340365740000
1340369940000
1340377020000
1340388720000
1340394540000
1340409000000
1340409300000
1340409300000
1340410020000
1340411040000
1340412240000
1340415720000
1340416380000
1340419140000
1340419500000
1340419620000
1340435820000
1340449260000
1340455320000
1340456820000
1340480820000
1340512920000
1340555220000
1340576940000
1340594100000
1340618340000
1340623320000
1340636760000
1340637660000
1340638080000
1340640360000
1340653740000
1340654160000
1340656860000
1340672940000
1340673540000
1340739480000
1340774580000
1340801160000
1340815980000
1340816340000
1340816400000
1340817240000
1340817720000
1340818680000
1340834040000
1340836380000
1340842620000
1340856840000
1340896200000
1340918280000
1340636400000
1340636400000
1340636400000
1340636640000
1340636700000
1340636700000
1340636760000
1340636760000
1340636760000
1340636760000
1340636760000
1340636760000
1340636760000
1340636820000
1340636940000
1340637000000
1340637000000
1340637060000
1340637060000
1340637180000
1340637480000
1340637600000
1340637900000
1340638080000
1340638140000
1340638680000
1340638740000
1340638920000
1340638980000
1340638980000
1340638980000
1340639100000
1340639160000
1340639340000
1340639400000
1340639460000
1340639460000
1340639700000
1340640000000
1340640000000
1340640300000
1340640300000
1340640300000
1340640360000
1340640420000
1340640480000
1340640480000
1340640540000
1340640720000
1340640780000
1340641080000
1340643240000
1340643240000
1340643660000
1340643720000
1340643720000
1340645100000
1340645460000
1340645940000
1340651280000
1340651940000
1340653260000
1340653800000
1340655240000
1340657040000
1340659680000
1340662080000
1340662200000
1340664720000
1340664840000
1340667060000
1340668980000
1340674500000
1340679180000
1340700720000
1340707200000
1340713800000
1340734740000
1340738280000
1340742120000
1340750280000
1340764860000
1340766600000
1340834100000
1340845140000
1340887980000
1340889300000
1340901900000
1340907360000
1340908620000
1340913540000
1340924820000
1340966100000
1340976900000
1340976960000
1340989080000
1341010500000
1341042780000
1341057480000
1341142440000
1341166020000
1341168540000
1341175080000
1341280440000
1341321660000
1341418800000
1341431580000
1341447540000
1341535800000
1341535980000
1341580200000
1341586500000
1341589680000
1341597960000
1341618360000
1341686640000
1341697140000
1341790620000
1341795000000
1341845100000
1341856020000
1341869160000
1341871560000
1341891600000
1341934260000
1341936360000
1341966600000
1342020660000
1342057440000
1342059240000
1342095900000
1342120200000
1342173660000
1342207800000
1342214220000
1342382100000
1342399560000
1342409520000
1342410420000
1342551840000
1342569240000
1342569480000
1342571520000
1342572780000
1342573140000
1342573380000
1342574040000
1342574520000
1342575060000
1342575660000
1342577220000
1342578900000
1342610880000
1342611780000
1342617060000
1342619580000
1342620960000
1342622640000
1342623960000
1342625940000
1342627740000
1342639860000
1342640280000
1342645680000
1342646580000
1342681200000
1342735680000
1342748160000
1342798260000
1342813200000
1342822380000
1342831440000
1342831920000
1342877280000
1342892760000
1342897980000
1342905720000
1342976340000
1342977780000
1342978560000
1342979340000
1342979580000
1342984680000
1342986720000
1342987020000
1342987500000
1342990500000
1342990980000
1342996920000
1343036400000
1343041200000
1343049360000
1343052120000
1343052480000
1343053080000
1343054820000
1343056800000
1343057820000
1343066340000
1343067240000
1343068140000
1343071980000
1343074500000
1343074920000
1343074980000
1344287820000
1344287820000
1344287820000
1344287820000
1344288000000
1344288000000
1344288060000
1344288060000
1344288180000
1344288180000
1344288240000
1344288240000
1344288240000
1344288240000
1344288600000
1344288660000
1344288720000
1344288960000
1344289020000
1344289380000
1344289440000
1344289560000
1344289560000
1344289620000
1344289680000
1344289680000
1344289860000
1344290340000
1344290940000
1344291060000
1344291120000
1344291180000
1344291180000
1344291360000
1344291600000
1344292080000
1344292680000
1344292740000
1344293220000
1344293280000
1344294480000
1344294540000
1344295380000
1344296220000
1344297360000
1344299940000
1344301320000
1344302040000
1344302760000
1344302820000
1344303000000
1344303960000
1344304620000
1344305100000
1344306720000
1344307680000
1344309300000
1344310500000
1344311340000
1344339900000
1344343980000
1344344040000
1344345540000
1344346620000
1344346740000
1344348360000
1344348900000
1344358920000
1344366540000
1344371460000
1344382500000
1344382620000
1344384660000
1344388020000
1344388920000
1344394740000
1344396480000
1344438900000
1344446760000
1344459120000
1344459960000
1344466320000
1344467040000
1344539820000
1344577080000
1344606300000
1344607920000
1344608520000
1344614760000
1344624900000
1344643620000
1344691740000
1344699900000
1344701160000
1344757920000
1344863160000
1344867300000
1344873600000
1344879240000
1344890340000
1344963300000
1344978420000
1345067760000
1345070040000
1345076160000
1345080180000
1345221180000
1345294200000
1345314360000
1345314780000
1345347420000
1345462500000
1345472700000
1345488660000
1345508400000
1345559700000
1345581960000
1345590420000
1345593060000
1345596000000
1345596180000
1345597260000
1345607460000
1345611480000
1345615080000
1345625520000
1345634880000
1345636620000
1345648440000
1345658460000
1345671060000
1345671720000
1345683660000
1345704120000
1345720080000
1345729920000
1345731540000
1345738860000
1345749840000
1345752780000
1345759320000
1345761780000
1345827060000
1345849380000
1345998420000
1346000220000
1346014080000
1346015700000
1346030340000
1346032080000
1346032620000
1346033100000
1346041140000
1346071800000
1346079360000
1346081100000
1346081220000
1346093400000
1346093580000
1346096820000
1346098920000
1346102220000
1347021060000
1347021060000
1347021120000
1347021120000
1347021120000
1347021180000
1347021240000
1347021240000
1347021240000
1347021300000
1347021300000
1347021360000
1347021420000
1347021420000
1347021420000
1347021480000
1347021480000
1347021660000
1347021720000
1347021720000
1347021840000
1347022020000
1347022140000
1347022140000
1347022200000
1347022200000
1347022260000
1347022380000
1347022440000
1347022440000
1347022500000
1347022500000
1347022560000
1347022560000
1347022740000
1347022800000
1347022800000
1347022860000
1347022860000
1347022860000
1347022980000
1347023100000
1347023100000
1347023100000
1347023340000
1347023460000
1347023520000
1347023520000
1347023640000
1347023640000
1347023760000
1347023820000
1347023820000
1347023820000
1347023880000
1347023880000
1347024060000
1347024120000
1347024180000
1347024300000
1347024360000
1347024480000
1347024540000
1347024900000
1347024960000
1347025020000
1347025020000
1347025140000
1347025200000
1347025260000
1347025320000
1347025620000
1347025800000
1347025860000
1347025920000
1347026040000
1347026760000
1347027600000
1347027720000
1347027900000
1347027960000
1347028140000
1347028500000
1347029040000
1347029040000
1347029760000
1347029760000
1347029940000
1347030180000
1347030600000
1347030660000
1347030660000
1347031560000
1347031680000
1347031980000
1347032400000
1347032640000
1347035400000
1347037620000
1347039000000
1347039540000
1347039720000
1347040140000
1347040560000
1347041040000
1347042120000
1347044220000
1347045720000
1347047820000
1347049440000
1347054000000
1347054300000
1347054300000
1347054840000
1347055920000
1347059220000
1347060780000
1347062580000
1347068760000
1347117600000
1347126420000
1347129360000
1347142260000
1347161760000
1347168660000
1347170160000
1347191940000
1347200700000
1347202800000
1347206460000
1347209820000
1347213960000
1347218160000
1347222120000
1349126640000
1347233340000
1347236460000
1347267840000
1347273180000
1347280320000
1347282600000
1347286020000
1347287700000
1347288780000
1347289320000
1347305340000
1347307200000
1347314880000
1347315060000
1347375600000
1347375660000
1347376980000
1347384900000
1347395820000
1347424860000
1347449640000
1347453660000
1347456420000
1347466080000
1347466800000
1347470760000
1347472800000
1347475440000
1347479340000
1347484620000
1347487080000
1347531600000
1347543720000
1347545460000
1347556620000
1347561600000
1347581760000
1347582540000
1347596580000
1347715560000
1347716220000
1347817560000
1347921000000
1347921480000
1347931740000
1347972420000
1347984600000
1347987420000
1347995040000
1348059840000
1348076580000
1348077300000
1348102440000
1348150980000
1348151880000
1348153620000
1348179960000
1348189860000
1348190340000
1348198020000
1348233720000
1348240020000
1348246980000
1348321740000
1348362780000
1348369020000
1348375560000
1348407240000
1348447560000
1348455300000
1348463580000
1348502580000
1348517100000
1348541340000
1348544400000
1348593660000
1348607340000
1348616640000
1348616760000
1348616760000
1348617000000
1348617180000
1348617900000
1348618320000
1348618560000
1348619460000
1348619520000
1348619880000
1348620060000
1348621020000
1348625880000
1348625940000
1348628940000
1348629180000
1348630080000
1348631520000
1348659960000
1348666560000
1348669080000
1348671960000
1348673100000
1348673760000
1348675080000
1348676100000
1348677060000
1348681860000
1348693740000
1348695120000
1348697040000
1348701180000
1348701420000
1348723200000
1348743480000
1348753260000
1348755420000
1348765980000
1348768560000
1348769940000
1348770600000
1348780920000
1348787820000
1348790340000
1348791480000
1348799340000
1348919760000
1348933560000
1348940040000
1348942020000
1349002440000
1349023800000
1349024460000
1349024700000
1349024820000
1349025300000
1349025660000
1349025840000
1349026560000
1349030340000
1349030340000
1349032140000
1349033520000
1349035320000
1349036880000
1349037840000
1349056500000
1349058120000
1349058480000
1349059740000
1349085120000
1349090280000
1349095500000
1349095620000
1349097840000
1349098680000
1349098920000
1349100660000
1349101200000
1349101620000
1349103180000
1349103480000
1349105040000
1349105340000
1349105580000
1349105820000
1349107200000
1349114280000
1349116500000
1349124300000
1349125200000
1349126820000
1348506300000
1348506300000
1348506300000
1348506300000
1348507320000
1348507320000
1348507320000
1348507440000
1348507440000
1348507500000
1348507620000
1348507680000
1348507740000
1348507860000
1348507920000
1348507920000
1348508040000
1348508040000
1348508160000
1348508220000
1348508280000
1348508460000
1348508520000
1348508640000
1348509180000
1348509420000
1348509600000
1348509600000
1348509780000
1348510080000
1348510080000
1348510380000
1348512060000
1348512240000
1348512420000
1348513140000
1348513680000
1348514700000
1348517100000
1348518240000
1348518480000
1348518840000
1348520040000
1348524000000
1348525020000
1348527360000
1348531500000
1348532760000
1348534260000
1348536960000
1348540020000
1348540380000
1348541640000
1348542180000
1348546800000
1348577880000
1348583280000
1348583940000
1348586820000
1348595160000
1348599060000
1348636380000
1348680900000
1348693680000
1348694280000
1348698180000
1348701480000
1348702860000
1348708620000
1348711620000
1348719540000
1348751220000
1348752540000
1348774380000
1348799940000
1348876740000
1348886340000
1348964700000
1349036880000
1349041500000
1349058300000
1349059620000
1349090580000
1349093940000
1349101320000
1349101500000
1349122500000
1349122800000
1349126880000
1349127120000
1349136480000
1349139180000
1349139960000
1349144880000
1349160180000
1349161500000
1349180940000
1349187060000
1349190360000
1349192940000
1349194260000
1349195700000
1349219160000
1349226720000
1349269260000
1349277420000
1349279040000
1349280360000
1349284860000
1349285100000
1349362620000
1349363280000
1349373720000
1349381280000
1349409360000
1349461260000
1349472420000
1349574420000
1349576820000
1349590140000
1349617380000
1349623080000
1349654100000
1349720640000
1349740740000
1349745420000
1349759940000
1349793480000
1349793660000
1349796900000
1349799060000
1349835960000
1349878560000
1349905920000
1349915280000
1349916060000
1349961240000
1349963700000
1349976300000
1349999100000
1349999400000
1349999400000
1350000120000
1350000600000
1350000780000
1350001140000
1350001980000
1350002460000
1350004440000
1350007680000
1350028860000
1350042420000
1350053820000
1350060780000
1350062340000
1350072060000
1350087780000
1350116100000
1350142620000
1350157800000
1350172200000
1350181680000
1350247500000
1350250680000
1350252840000
1350253500000
1350262740000
1350294660000
1350299640000
1350300600000
1350301920000
1350306960000
1350312480000
1350318540000
1350319080000
1350321960000
1350325500000
1350326400000
1350328320000
1350341880000
1350406140000
1350406380000
1350407460000
1350408840000
1350409260000
1350409320000
1350409800000
1350414900000
1350422460000
1350436140000
1350458280000
1350480240000
1350487860000
1350488580000
1350499380000
1350508200000
1350509040000
1350509520000
1350510540000
1351885140000
1351885140000
1351885140000
1351885140000
1351885140000
1351885200000
1351885200000
1351885200000
1351885200000
1351885200000
1351885260000
1351885260000
1351885260000
1351885320000
1351885320000
1351885320000
1351885320000
1351885320000
1351885380000
1351885380000
1351885380000
1351885440000
1351885440000
1351885440000
1351885440000
1351885500000
1351885500000
1351885500000
1351885500000
1351885500000
1351885560000
1351885560000
1351885560000
1351885620000
1351885620000
1351885680000
1351885680000
1351885740000
1351885740000
1351885740000
1351885800000
1351885860000
1351885860000
1351885860000
1351885860000
1351885920000
1351886040000
1351886100000
1351886220000
1351886280000
1351886280000
1351886280000
1351886280000
1351886340000
1351886400000
1351886400000
1351886520000
1351886700000
1351886760000
1351886940000
1351886940000
1351887000000
1351887060000
1351887240000
1351887360000
1351887480000
1351887540000
1351887600000
1351887780000
1351888020000
1351888200000
1351888200000
1351888260000
1351888320000
1351888500000
1351888560000
1351888560000
1351888980000
1351889040000
1351889040000
1351889100000
1353293820000
1351889760000
1351890120000
1351890120000
1351890180000
1351890300000
1351890300000
1351890600000
1351890840000
1351891020000
1351891320000
1351891380000
1351891620000
1351892220000
1351892760000
1351892820000
1351892820000
1351893780000
1351894080000
1351894500000
1351895940000
1351896180000
1351896900000
1351897440000
1351898280000
1351899240000
1351899600000
1351904520000
1351905000000
1351905240000
1351905600000
1351908120000
1351913040000
1351914240000
1351916340000
1351945920000
1351960500000
1351963680000
1351975320000
1351979580000
1351984740000
1351985640000
1351995480000
1352033460000
1352038800000
1352041440000
1352058540000
1352062560000
1352062980000
1352065380000
1352073120000
1352079840000
1352124420000
1352125440000
1352126940000
1352127840000
1352132640000
1352147580000
1352150820000
1352174760000
1352206260000
1352258340000
1352302020000
1352306580000
1352307120000
1352310180000
1352332980000
1352348460000
1352384940000
1352398260000
1352399520000
1352423400000
1352433240000
1352473980000
1352485140000
1352494080000
1352504640000
1352554740000
1352569020000
1352663880000
1352664060000
1352666640000
1352676060000
1352690640000
1352744640000
1352758140000
1352772720000
1352774940000
1352785020000
1352809500000
1352816400000
1352817240000
1352822400000
1352832120000
1352833200000
1352836980000
1352844660000
1352853660000
1352853780000
1352853900000
1352853900000
1352853900000
1352854020000
1352854200000
1352854860000
1352855460000
1352855580000
1352856180000
1352856360000
1352856720000
1352857860000
1352859180000
1352859240000
1352860140000
1352860380000
1352860800000
1352861640000
1352863260000
1352866260000
1352866560000
1352876580000
1352890800000
1352894880000
1352895420000
1352899080000
1352899740000
1352901120000
1352904240000
1352905860000
1352906220000
1352907240000
1352907900000
1352916660000
1352925120000
1352925600000
1352929200000
1352940780000
1352940780000
1352946660000
1352987580000
1352991420000
1352992980000
1353013260000
1353013560000
1353014940000
1353035880000
1353100980000
1353101160000
1353118200000
1353130080000
1353139800000
1353170280000
1353186840000
1353250440000
1353261300000
1353264000000
1353271500000
1353281820000
1353286320000
1353291000000
1353291660000
1353301680000
1353309900000
1353332100000
1353332820000
1353335760000
1353336180000
1353338700000
1353342720000
1353344280000
1353345840000
1353348600000
1353349980000
1353350040000
1353350880000
1353352980000
1353354660000
1353355200000
1353357780000
1353357900000
1353361260000
1353361920000
1353362280000
1353362580000
1353366180000
1353935880000
1353935880000
1353935880000
1353936000000
1353936000000
1353936000000
1353936000000
1353936060000
1353936060000
1353936060000
1353936060000
1353936120000
1353936120000
1353936120000
1353936180000
1353936180000
1353936300000
1353936300000
1353936300000
1353936360000
1353936420000
1353936420000
1353936420000
1353936420000
1353936480000
1353936480000
1353936540000
1353936600000
1353936600000
1353936660000
1353936660000
1353936660000
1353936720000
1353936720000
1353936780000
1353936840000
1353936840000
1353936900000
1353936900000
1353937080000
1353937080000
1353937080000
1353937260000
1353937320000
1353937320000
1353937380000
1353937440000
1353937560000
1353937620000
1353937860000
1353937860000
1353937980000
1353938100000
1353938160000
1353938220000
1353938280000
1353938280000
1353938520000
1353938520000
1353938640000
1353938820000
1353938940000
1353938940000
1353938940000
1353938940000
1353939000000
1353939000000
1353939000000
1353939060000
1353939120000
1353939180000
1353939180000
1353939240000
1353939240000
1353939300000
1353939300000
1353939300000
1353939420000
1353939420000
1353939480000
1353939540000
1353939600000
1353939600000
1353939660000
1353939720000
1353939780000
1353939960000
1353940020000
1353940140000
1353940200000
1353940260000
1353940380000
1353940380000
1353940440000
1353940560000
1353940800000
1353940860000
1353940860000
1353940920000
1353941100000
1353941220000
1353941280000
1353941280000
1353941340000
1353941400000
1353941520000
1353941520000
1353941520000
1353941520000
1353941580000
1353941820000
1353942000000
1353942120000
1353942180000
1353942240000
1353942240000
1353942360000
1353942600000
1353942780000
1353942840000
1353943140000
1353943200000
1353943500000
1353943620000
1353943980000
1353944040000
1353944220000
1353944280000
1353944340000
1353944520000
1353945000000
1353945240000
1353945360000
1353945600000
1353945720000
1353945720000
1353946200000
1353946260000
1353946380000
1353946380000
1353946620000
1353946620000
1353946800000
1353946980000
1353947640000
1353947700000
1353947760000
1353948120000
1353948180000
1353948300000
1353948720000
1353949200000
1353949260000
1353949800000
1353950100000
1353951000000
1353951480000
1353951540000
1353951780000
1353953100000
1353953280000
1353953700000
1353954240000
1353954360000
1353955440000
1353955560000
1353955860000
1353955920000
1353956520000
1353957000000
1353957000000
1353957000000
1353957540000
1353958980000
1353960360000
1353960420000
1353960720000
1353961140000
1353961260000
1353961320000
1353961500000
1353962760000
1353963180000
1353963720000
1353964020000
1353964500000
1353965520000
1353967380000
1353968100000
1353970200000
1353970920000
1353971820000
1353971940000
1353972000000
1353972240000
1353973020000
1353974760000
1353977460000
1353980400000
1353980580000
1353981780000
1353984120000
1353986460000
1353986760000
1353988560000
1353989040000
1353989880000
1353990780000
1353991200000
1353993300000
1353993840000
1353996720000
1353999300000
1354018860000
1354024500000
1354024680000
1354024800000
