482161
8990490
10173172
20471581
13253387
20981621
13129584
7791947
11085947
21710471
12251810
2891142
21831441
19190091
14525059
14589429
20371091
8827934
17015941
14333157
13636931
22416551
16159541
11271037
21698301
10346331
14756541
9972181
21383321
23084231
23086951
8514018
10196022
13761738
521544
9359531
8411750
13641969
21984131
10574938
23586021
14020289
21825391
23672871
482161
8990490
10173172
13253387
21984131
16159541
22518911
10303126
13129584
14525059
7988419
9972181
13762525
25037362
21825391
1448166
15437451
9849962
20792591
13641969
14589429
20989971
2095301
2191330
11085947
14332394
12622473
14523286
14580922
11205405
23654151
21698301
21383321
23084231
13761738
23649571
11394943
9942020
2891142
521544
10507595
12004411
19613431
8411750
12251810
17015941
9502553
25928502
12302420
13266674
15887331
13750864
13585601
14928421
13142145
26300492
20742231
14468547
10346331
10391503
9359531
482161
521544
13129584
7003273
22518911
10173172
13585601
6078591
14363159
23325321
12622473
10303126
14130215
23084231
23669081
14083621
12792457
14523286
21383321
20792591
14020289
14756541
14589429
13999952
13297020
13608555
12004411
10346331
14327450
10391503
14468547
12319439
9502553
27419192
27806802
11085947
25753142
10507595
14118282
14071871
13750864
13253387
23561551
11394943
28025352
16159541
9441191
21710471
26534042
14276681
22797201
11205405
23649571
9972181
28338142
21825391
22798921
28366532
21984131
26769872
7791947
25037362
17015941
14332394
24830142
9356953
5820321
10952639
482161
8990490
14468547
13129584
18880781
13451366
23084231
26534042
14756541
21042311
14071871
7988419
2891142
21383321
9849962
26300492
521544
20792591
11786822
14130215
12004411
10346331
14928421
20371091
14523286
30059272
14589429
25928502
12679451
11442960
12859247
30198642
28025352
21688281
14276681
7848977
26769872
25037362
14394888
3119443
30717512
20684201
28714022
7089842
4136491
14580922
7003273
14020289
25753142
13253387
14118282
14333157
22518911
31388762
31499302
21821071
29658252
31654022
11399504
12229281
482161
8990490
10173172
521544
20792591
14756541
6078591
13129584
12622473
26534042
12483273
14525059
13641969
2667260
3559726
10303126
7988419
25753142
21688281
21825391
26769872
10346331
14468547
23586021
14276681
22797201
12859247
21710471
9183649
16159541
27806802
32713762
6844070
11693625
29712982
11205405
12457191
13948593
9065177
14130215
20192911
11394943
13585601
21698301
4748088
14327450
14523286
7089842
14823681
14305536
28029732
22680241
11442960
32905902
9359531
33066152
15672791
28241592
33130452
26879512
22934171
3317725
3119443
7848977
12354013
13761738
33193592
25876422
33232562
3113952
9962297
482161
8990490
10173172
6078591
14305536
10346331
13129584
12622473
12004411
14756541
22518911
3395673
10303126
13134501
521544
23586021
25876422
14071871
14589429
2095301
29712982
21825391
28338142
12859247
6021426
32713762
16159541
14823681
21383321
11484950
6844070
7848977
11442960
9065177
2891142
13585601
17798611
17015941
7089842
23669081
21821071
28854682
26534042
14130215
20471581
14394888
8514018
9643278
34802612
34921022
21042311
8922683
14468547
3329680
35123972
33193592
34971362
34184302
10391503
28366532
34235222
19190091
34280602
8929610
15278141
28241592
35731972
22911971
11617026
34384272
11205405
14118282
5700971
12182572
22934171
13110017
27806802
33198382
36328842
27881232
14332394
10173172
482161
8990490
14083621
12483273
36662022
6078591
13253387
14305536
22911971
7848977
8411750
13129584
16444221
20915821
22518911
2250758
22680241
36792712
9347296
14071871
25876422
13451366
29437172
22936961
35123972
8272837
4544437
25753142
17680631
28338142
14468547
22934171
16159541
36928882
21825391
6844070
12998557
32713762
13266674
29658252
28854682
13292866
36613232
37615842
12004411
37009592
18473811
13142145
14589429
25928502
35521592
521544
7988419
14580922
6279494
3395673
11399504
8922683
26300492
17015941
26044632
7089842
9720545
13110017
14130215
11205405
38484252
37900252
2191330
26396742
14332394
13662335
8645362
15404841
14928421
10346331
7026719
10868546
13886920
9331310
3898083
9699205
39090852
4691545
39120972
482161
8990490
11085947
10173172
9518501
13293631
21698301
36681232
32905902
9347296
14327450
3016621
6078591
25753142
23586021
14525059
35123972
13662335
5700971
12893149
6844070
14071871
28241592
7848977
15278141
4691545
10991733
14118282
12622473
13641969
12808375
7440428
21825391
8411750
36328842
21984131
9720545
26552412
36118442
13758250
17798611
33016072
8501894
14589429
14130215
20371091
16159541
13585601
14580922
27881232
33193592
38556452
9504511
32666072
3395673
7089842
21765841
26300492
11984171
15404841
14468547
32713762
23561551
10737842
3316727
39265492
14332394
21366891
13608555
36662022
12251810
14170713
40280512
13033157
28999112
24020202
41154282
24177632
8101402
13282990
11205405
18473811
521544
41927422
9331310
29471282
40506942
9065177
36792712
17100651
20815421
8738864
22936961
22416551
39414232
27913642
9359531
34921022
2024624
39148252
13110017
8318511
22680241
10741087
42579542
11617026
13761738
8645362
35510512
25928502
482161
8990490
10173172
13585601
17798611
37615842
14756541
31932502
14525059
9359531
9347296
3395673
17100651
20792591
39386082
14020289
14118282
13129584
39265492
6844070
14071871
25928502
13762525
10737842
15404841
7003273
11085947
6078591
26522192
4136491
13761738
14276681
14305536
35123972
14332394
40757672
11833142
13110017
36328842
9720545
4691545
32713762
23586021
11649599
14327450
521544
13253387
10346331
8645362
14130215
22518911
13758250
21825391
13617288
36683142
7089842
25876422
14340057
9331310
13793546
14170713
27806802
27881232
33066152
22936961
31447992
13662335
9972181
23325321
13451366
15672791
26300492
23353751
21688281
21831441
34921022
40280512
13604477
10741087
21698301
9518501
6021426
3316727
15406081
39239612
15278141
41995482
14468547
12203036
13010179
38556452
43324482
39148252
13870389
13282990
36976212
29531172
42975782
14174569
9821280
8922683
43773382
16159541
43622762
43746992
3011415
11274200
7339176
23084231
5330224
12251810
33016072
13292866
34004952
12182572
25244002
44834652
8151405
33193592
14597193
2050412
45408482
43397302
14150363
7848977
45704962
11180866
27913642
22911971
14451823
3334661
16400601
12302420
13608555
9065177
7026719
17015941
44843042
21366891
10574938
14394888
26170052
8318511
22680241
10373234
3317725
22934171
45936152
11617026
45881292
23672871
482161
8990490
10173172
31654022
6844070
10346331
9821280
21825391
40757672
21366891
19190091
45659842
39148252
36681232
7848977
6078591
521544
17100651
7026719
14071871
12385565
23084231
15404841
44420062
14118282
22518911
10574938
13608555
12182572
15278141
39386082
13662335
36328842
11984171
6279494
9331310
14130215
10307884
13110017
10303126
22936961
28241592
36976212
3334661
12251810
13292866
2050412
41894732
14276681
5330224
33950602
6918148
8318511
22797201
10399343
12004411
4005587
23325321
14020289
11618161
45881292
8922683
10391503
14597193
14340057
13762525
21831441
35579232
36792712
4136491
33016072
13010179
7339176
32713762
34921022
14037907
13948593
5914801
46701112
12661754
27009192
13841973
17015941
46864262
16535501
34004952
35510512
6637658
25244002
11205405
36662022
3011415
25928502
3559726
15406081
4654513
14118506
45216222
30189062
47560392
44949802
46426172
40605532
47563952
9183649
16159541
5092258
42943132
26300492
13253387
9849962
33469612
33827372
9518501
21813541
14468547
3688481
8151405
14332394
34205772
8645362
14174569
22911971
44843042
37777662
8095898
42218532
8123114
48393332
48182142
1099373
48192552
28854682
43397302
45169162
25505172
21042311
23669081
2891142
371857
33193592
48616852
38450512
45340762
39265492
6171938
42635992
39413262
2667260
14928421
12998557
48636362
482161
25037362
8990490
10173172
36683142
45881292
48393332
48608412
42579542
17798611
43324482
6844070
9821280
5914801
36681232
15706281
13762525
45408482
10737842
46701112
23586021
34205772
14756541
8318511
11085947
30590692
14083621
14222010
22518911
35123972
4671936
13608555
30189062
14327450
13110017
9331310
13292866
21984131
2891142
14363159
12251810
17680631
8151405
4691545
25876422
37615842
26769872
40890102
9072968
13841973
20792591
10616810
6078591
16400601
41520002
2050412
45169162
34286372
11833142
13948593
43773382
12661754
23084231
47560392
7003273
36118442
9742510
43622762
13662335
42635992
41894732
14130215
9502553
33827372
4016647
3395673
23672871
11484950
21825391
5431234
25244002
11394943
35510512
21710471
8738864
14621678
15404841
48192552
14597193
17100651
49218942
32713762
10741087
48959462
5078978
14150363
42943132
14468547
35470722
33016072
8847075
36662022
8661668
14276681
42339452
23141021
6977408
3317725
36792712
22911971
25105202
10187518
14160919
14823681
31932502
14088354
40605532
50455122
44843042
50466382
11205405
50500902
49724002
23768591
34004952
38312002
46864262
13251090
42906842
51084772
12203036
6486128
49637122
51536682
10716978
32110952
50839642
51699762
39386082
19731101
51944892
8783792
13129584
14239223
43397302
12319439
52170482
46359282
40190002
7749944
31818862
12859247
50344012
13253387
15278141
22798921
17015941
5330224
11618161
13473614
10574938
19190091
44949802
13750864
23669081
52065762
52351802
52390322
7440428
45747782
27881232
40213882
48616852
51399192
521544
33950602
22936961
14424425
9558435
52577392
52578152
30950342
52734202
14651781
10373234
14118506
48636362
8922683
43616342
26522192
34921022
3452972
30004632
354450
24632232
7081898
482161
8990490
10173172
8847075
13253387
37615842
6171938
13585601
6844070
30189062
14756541
10303126
51536682
52390322
12661754
44843042
36662022
13129584
13793546
14130215
10346331
13010179
52065762
9331310
521544
12179727
17100651
6918148
3961524
17015941
22518911
14071871
14250542
42635992
11912764
12319439
14118282
10574938
11984171
3317725
9526277
13762525
33950602
26552412
14651781
8420763
9939393
25037362
11228973
44949802
36118442
13641969
6078591
15278141
26300492
41894732
45936152
52517612
21825391
16400601
13374901
7601668
22936961
14327450
15397361
13662335
14597193
7749944
50344012
45881292
44420062
12351602
15706281
25876422
17680631
8151405
2024624
33827372
12251810
12859247
14621678
10391503
50839642
34921022
33016072
473155
46864262
13617288
52910612
3011415
30950342
23669081
52734202
15404841
52577392
12897883
53053202
1099373
45216222
53178232
23768591
2260692
9720545
12647966
36792712
49090212
9142929
3688481
9645972
9558435
9962297
51351032
14160919
25244002
36923062
32110952
7446170
45386262
34004952
32713762
53887822
35123972
23561551
3334661
28887382
11823181
53445272
40605532
5092258
5205910
40243012
8227893
8318511
54643202
10901948
9942020
54922842
7440428
54942872
55156712
14088354
3016621
4016647
21984131
9821280
32554312
12609441
41419392
10373234
9065177
7848977
13761738
49729562
8645362
41520002
51084772
3822367
13342331
35070132
45403702
35521592
9898035
48662132
35829162
48616852
13049952
13582107
53811062
34364222
55545192
14340057
14118506
12467774
7089842
50713992
38312002
14380523
9643278
13473614
14020289
371857
13608555
3524406
14214956
13181336
55736002
21698301
18800821
4724785
8783792
48182142
31654022
13736507
46359282
51231442
39265492
55843142
14170713
9359531
51840682
55866962
55869592
48608412
10951198
49581162
482161
6844070
8990490
10173172
13662335
23669081
25037362
3764351
44843042
12661754
13855327
8847075
45216222
43773382
33827372
56035482
7243715
10196445
8783792
9972181
55462632
13608555
36662022
14088354
22936961
11823181
35070132
15278141
3688481
56577932
9347296
14597193
21825391
26300492
9065177
5205910
21813541
8318511
43324482
6078591
10373234
11833142
10303126
28999112
10187518
56096962
48393332
57003032
3334661
34539602
13810053
25876422
13600206
32915842
12609441
521544
9331310
21366891
14305536
18800821
12251810
52390322
44949802
9821280
9962297
13010179
14130215
12004411
46864262
13292866
55156712
17680631
8401112
13597005
9558435
30417952
35123972
24020202
23084231
32713762
40605532
57555552
3011415
11205405
2891142
12898028
23561551
34424722
58006812
12930311
46935492
40615752
38394002
2220559
9720545
52767982
14333157
51440662
18473811
58366282
10737842
53887822
9862574
34004952
12351602
14118282
14395080
39265492
4016647
52180192
12182572
10171980
10787926
58339632
13582107
40757672
46746352
50455122
9518501
50344012
27009192
14239223
12102297
51351032
12695077
14174569
30726002
30189062
41894732
45000782
13886920
42906842
9142929
46426172
26769872
39708832
13604477
21042311
59607772
55649492
371857
2355678
31654022
9356953
51699762
52577392
13253387
19698271
55843142
28025352
46888252
12203036
19829531
8356862
25232872
25777612
18704831
49090212
57869922
34994452
36976212
49633642
482161
36681232
17100651
9643278
22911971
14130215
52767982
10737842
17798611
9862574
12661754
53053202
3524406
32915842
46426172
23325321
5700971
37615842
41872902
26323432
9720545
24020202
27009192
9502553
51084772
11579794
44843042
48636362
50455122
23669081
52180192
8645362
25928502
8847075
11085947
9065177
28612852
48393332
14118282
45936152
9821280
16536781
23561551
13585601
13010179
7003273
42906842
15278141
11394943
3688481
12004411
22680241
45216222
52577392
9331310
10574938
36664862
11833142
51343552
8272837
25037362
30189062
6078591
14525059
8151405
61440922
9942020
7988419
19190091
11072987
9962297
45702352
13855327
16400601
2673720
59607772
55156712
61444622
3764351
10303126
3823597
33066152
46835812
34539602
2114365
41995482
58339632
48662132
28241592
34921022
4691545
49859632
27172542
25505172
4016647
30950342
18181831
12695077
55862292
30961432
14222010
47931192
26552412
55866962
13033157
10868546
521544
13195271
53811062
14380523
8401112
56577932
10553250
17680631
33016072
12351602
14327450
50344012
13762525
12251810
13617288
8318511
14020289
12898028
906138
6483132
27858602
39414232
32948862
14250542
52390322
10297664
51351032
21821071
7658221
15437451
9359531
6844070
40890102
28999112
14118506
61813012
8661668
54056652
48608412
45983072
12622473
19140751
10787926
61964702
51014922
41520002
11912764
14332394
22083641
40280512
3822367
39941092
55977822
18800821
13736507
14170713
13761738
13292866
13608555
14597193
13750864
61449402
46935492
52517612
52503852
30417952
62303662
36220552
38394002
7193626
3559726
29669452
1765958
3317725
20117071
28394652
13251090
4858597
9146743
34490202
23989442
5914801
63129412
7089842
57003032
49368802
10391503
13597005
42339452
40243012
3510
2891142
62528742
23084231
63211902
13662335
9627972
60804722
63551502
14468547
58607782
8827934
30004632
4355769
11276540
3334661
34424722
11274200
21698301
5363313
44420062
56766602
10333946
13253387
10021920
13600206
14621678
54011002
14083621
63537392
41241672
14395080
12859247
4122690
4671936
13342331
4540071
8783792
21383321
40215162
14037907
61808332
6438103
49729562
11228973
21042311
44279782
13414263
3016621
39265492
46746352
43397302
27806802
13742963
7610057
41821932
11664404
62455202
10865660
10741087
12182572
45403702
38312002
10050073
7081898
60725522
62660342
10718291
21710471
11823181
21765841
14262083
49115952
11930495
34994452
12467774
9653806
13181336
51440662
9142929
42300132
55856622
32713762
57869922
55843142
63314072
9695541
10171980
56035482
2667260
54523322
55736002
64483122
14174569
36622222
16417951
41614812
59888072
25758722
46616422
14378779
64495632
18704831
64499262
13870389
6351391
24800632
17656451
64543252
482161
12251810
9061447
10173172
41520002
57555552
10737842
9347296
46426172
13010179
58339632
17100651
8661668
63211902
8847075
11180866
27009192
23084231
36976212
14239223
6844070
46835812
23989442
3764351
3152958
3334661
45216222
35470722
36683142
5363313
13762525
55462632
24020202
23669081
14130215
39941092
11085947
10787926
14327450
6990595
51351032
14476941
28241592
44843042
13600206
4691545
14597193
35510512
12351602
8318511
13253387
12898028
23561551
46888252
46746352
61229012
48662132
58109842
17613291
52517612
49729562
7440428
8783792
13973009
14333157
3202040
39265492
6493134
54056652
9331310
14262083
36286142
64026432
8151405
42339452
16731661
41927422
9550960
55856622
9720545
11543711
1765958
56035482
9644571
30950342
50344012
35123972
11930946
8770184
7081898
64561842
52180192
32713762
13870389
48393332
14470719
13999674
43397302
52577392
14427677
13941247
28394652
51840682
60601442
55977822
38088432
29140382
17285011
64499262
41614812
10718291
13374348
9072968
64911642
9359531
14118282
1448166
60725522
14395080
5092258
9695541
9647525
13907694
3098749
65411352
10951198
9850924
26011702
65023082
8934262
65486942
36220552
17066081
53676612
65675162
31774782
65725832
33463302
35434102
55843142
60634302
13582107
12467774
8944734
15278141
9849962
12999855
64230572
31324782
34004952
37615842
16417951
65849332
54985782
14380523
58006812
9065177
9183649
33821522
42300132
13693201
38312002
6382386
14118506
11346751
906138
10847215
10884270
25928502
7566055
5905096
46616422
14083621
13192791
48608412
12889664
11205405
12523243
46015982
13841973
13585601
34994452
33193592
10373234
12299617
22887461
66355052
12326533
11443914
14199155
63752492
16880171
66462902
10171980
64787302
45793382
14250542
10624849
50713992
482161
14160919
10173172
12251810
44843042
6844070
23561551
17798611
30348022
65023082
55977822
49169232
22108081
14333157
21042311
7848977
8318511
63551502
25928502
64230572
55758532
11823181
47931192
59165062
10507595
10391503
11276540
9643278
45216222
62660342
8151405
49729562
7464909
55866962
13662335
10021920
2271588
13251090
9862574
48192552
51351032
24020202
13450172
52180192
8773531
14651774
9331310
14118282
30950342
11833142
13636931
13585601
66455122
65869452
9803924
14327450
8847075
46426172
67305252
46616422
23989442
34384272
13195271
25758722
36681232
68326732
36662022
11085947
10346331
13761738
13374348
31774782
4540071
16880171
55462632
33463302
16731661
6867172
10884270
3764351
9142929
8783792
7351889
59607772
521544
35123972
14597193
18801051
68326162
2891142
8401112
32713762
23084231
27857142
13414263
12695077
8934262
3559726
65378112
60725522
46015982
48662132
21813541
10303126
38088432
52767982
24800632
4092271
11579794
64768902
38312002
12898028
58339632
35470722
65675162
14214024
4403063
61179172
12647966
5194097
13192791
59516402
52517612
30446352
13608555
18704831
18800821
6078591
14396144
5092258
9972181
22083641
37926722
54011002
42906842
12523243
13342331
33950602
11983126
55156712
63314072
14378779
38394002
27397852
8922683
11245286
13855327
68910052
7835049
67051632
12163903
5099522
46746352
42339452
61805112
69095642
7089842
53053202
13342084
5901956
6620892
23296761
28086462
33803772
69348492
7828643
14318728
69476192
14388720
69497032
45793382
62242162
6251735
66355052
14299502
28854682
40605532
20189191
14301913
13129584
49201012
50351042
3334661
13184058
15706281
13692825
16400601
3317725
60634302
69599192
17632801
21825391
11930495
10741087
34408952
12859247
21366891
30004632
14380523
36683142
3202040
44279782
23325321
36000042
2355678
15404841
9695541
63752492
7675418
55647922
40615752
58006812
10718291
40807272
3524406
3098749
8661668
16417951
10787926
14621678
55902642
61813012
11205405
69814232
10847215
69816472
36973832
2747782
69922252
53811062
26591312
48393332
69990892
48402542
12229281
42300132
6171938
5078978
47252132
17613291
17971981
70015132
11346751
49633642
35510512
55657762
13736507
36182022
11108166
10050073
14429094
51677102
70202782
39265492
70202532
56000082
70210152
53353342
13886920
70218802
18098211
70217032
22911971
14603326
64569972
48182142
482161
12251810
10173172
35123972
9645972
13181336
10787926
10346331
17100651
9560379
4691545
64768902
33821522
61229012
2271588
9972181
11925534
6844070
51699762
14756541
4403063
52180192
41872902
11180866
13662335
46935492
10224652
46015982
9644571
12930311
39239612
14525059
42218532
23989442
67305252
14118282
14609483
14651781
58003202
16731661
14651774
6258957
13585601
55657762
13302176
8151405
69891072
63211902
15278141
14291083
69095642
55462632
33463302
9502553
14458539
13010179
34921022
14088354
10737842
45349572
17015941
47931192
27881232
14071871
67337272
521544
68022492
13810053
65023082
10951198
67874252
3334661
14160919
69497032
16400601
3559726
6171938
49169232
55758532
65869452
9821280
46426172
14118506
13762525
6620892
64197032
35014932
62528742
70832952
12504396
42300132
22108081
14130215
13617288
30950342
62660342
41821932
8773531
18801051
7351889
36662022
10741087
64569972
19510521
14083621
13761738
67196312
41223442
8610379
13608555
4415944
8788061
14327450
20189191
46616422
16536781
11833142
10718291
5205910
13342084
3823597
70015132
51351032
51343552
33469612
45305752
70839252
12792457
40807272
14597193
55649492
70840922
70840832
8248078
7848977
59165062
34490202
4016647
10869363
13342331
8922683
21042311
70844322
10303126
2891142
42906842
70845972
60193812
68698962
14466170
26552412
14476941
8318511
21825391
55647922
19384951
23561551
8934262
65486942
58339632
12661754
23586021
12027266
39708832
35510512
11108166
25410802
7209771
34994452
13868232
32666072
65675162
28612852
70868342
30189062
3222091
11040114
20305011
70873042
8420763
4410759
17632801
16058281
63551502
59201562
10399343
70882082
3702747
68611192
10259215
371857
48662132
11072987
8401112
64483122
7610057
9962297
58370942
45408482
70906722
8944734
14318728
46888252
1448166
19698271
30446352
37926722
60725522
70923752
22083641
11274200
47093702
15239491
4628963
34299942
4671936
70953372
